RUN: 0
Best solution: 0.87616 0.43202 45.2915 141.009  Fo:0 
g1=-1.99577 Fail g2=0.0118679 Fail g3=-4.60596e+07 Ok g4=-100.716 Ok
N_fit_eval:328873 

RUN: 1
Best solution: 0.649584 0.350119 12.8835 132.577  Fo:6053.32 
g1=-0.00188936 Ok g2=-3.93071 Ok g3=511163 Fail g4=-119.872 Ok
N_fit_eval:328977 

RUN: 2
Best solution: 0.0777807 0.0625 20.7468 121.258  Fo:5900.65 
g1=0.392452 Fail g2=0.00321531 Ok g3=-23234.3 Fail g4=-77.7827 Ok
N_fit_eval:328520 

RUN: 3
Best solution: 0.435809 0.0625 10 40.6145  Fo:5886.62 
g1=-0.242809 Ok g2=0.0329 Fail g3=1.27905e+06 Fail g4=-199.386 Ok
N_fit_eval:89142 

